2
3
4
5
6
3
4
5
6
7
4
5
6
7
8
5
6
7
8
9
6
7
8
9
10
7
8
9
10
11
8
9
10
11
12
9
10
11
12
13
9
10
11
12
13
10
11
12
13
14
12
13
14
15
16
12
13
14
15
16
13
14
15
16
17
2
3
4
5
5
7
9
10
11
12
13
11
12
13
14
15
12
13
14
15
16
13
14
15
16
17
13
14
15
16
17
13
14
15
16
17
8
9
10
11
12
8
9
10
11
6
7
8
9
10
6
7
8
9
4
5
6
7
8
3
4
5
6
7
6
12
13
14
11
12
13
14
15
15
16
2
3
4
3
4
5
6
7
5
6
4
5
6
5
6
7
8
9
7
8
6
7
8
9
10
7
8
9
10
11
8
9
9
10
11
9
10
11
12
13
12
13
10
11
12
10
11
12
13
14
11
12
13
14
15
12
13
14
15
16
14
15
16
17
18
19
20
16
17
18
19
15
16
17
18
13
14
15
16
17
15
16
17
18
19
14
15
16
17
18
13
14
15
16
17
12
13
14
15
16
2
3
3
4
5
6
7
4
5
4
5
6
7
8
6
5
6
7
8
9
6
7
8
9
10
7
8
9
10
11
8
9
10
9
10
11
12
13
11
9
10
11
12
13
12
10
11
12
13
14
11
12
13
14
15
12
13
14
15
16
13
14
15
16
17
12
13
14
15
16
13
14
15
16
17
14
15
16
17
18
15
16
17
18
19
16
17
18
19
20
15
16
17
18
19
16
17
18
19
20
